-0.0018225229578092694
-0.0015879294369369745
0.0
0.0036977508570998907
0.008075430057942867
0.00853022187948227
-0.0
-0.017397698014974594
-0.034145861864089966
-0.03335915505886078
0.0
0.0676308423280716
0.1522061824798584
0.22292469441890717
0.2504960894584656
0.22292469441890717
0.1522061824798584
0.0676308423280716
0.0
-0.03335915505886078
-0.034145861864089966
-0.017397698014974594
-0.0
0.00853022187948227
0.008075430057942867
0.0036977508570998907
0.0
-0.0015879294369369745
-0.0018225229578092694
