0.0
0.5924659371376038
-0.09473434835672379
0.19134171307086945
1.0
0.4174197018146515
0.3535533845424652
1.2552931308746338
0.8660253882408142
0.4619397521018982
1.31947922706604
1.1827865839004517
0.5
1.1827865839004517
1.31947922706604
0.4619397521018982
0.8660253882408142
1.2552931308746338
0.3535533845424652
0.4174197018146515
1.0
0.19134171307086945
-0.09473434835672379
0.5924659371376038
-0.0
-0.5924659371376038
0.09473434835672379
-0.19134171307086945
-1.0
-0.4174197018146515
-0.3535533845424652
-1.2552931308746338
-0.8660253882408142
-0.4619397521018982
-1.31947922706604
-1.1827865839004517
-0.5
-1.1827865839004517
-1.31947922706604
-0.4619397521018982
-0.8660253882408142
-1.2552931308746338
-0.3535533845424652
-0.4174197018146515
-1.0
-0.19134171307086945
0.09473434835672379
-0.5924659371376038
0.0
0.5924659371376038
-0.09473434835672379
0.19134171307086945
1.0
0.4174197018146515
0.3535533845424652
1.2552931308746338
0.8660253882408142
0.4619397521018982
1.31947922706604
1.1827865839004517
0.5
1.1827865839004517
1.31947922706604
0.4619397521018982
0.8660253882408142
1.2552931308746338
0.3535533845424652
0.4174197018146515
1.0
0.19134171307086945
-0.09473434835672379
0.5924659371376038
0.0
-0.5924659371376038
0.09473434835672379
-0.19134171307086945
-1.0
-0.4174197018146515
-0.3535533845424652
-1.2552931308746338
-0.8660253882408142
-0.4619397521018982
-1.31947922706604
-1.1827865839004517
-0.5
-1.1827865839004517
-1.31947922706604
-0.4619397521018982
-0.8660253882408142
-1.2552931308746338
-0.3535533845424652
-0.4174197018146515
-1.0
-0.19134171307086945
0.09473434835672379
-0.5924659371376038
0.0
0.5924659371376038
-0.09473434835672379
0.19134171307086945
1.0
0.4174197018146515
0.3535533845424652
1.2552931308746338
0.8660253882408142
0.4619397521018982
1.31947922706604
1.1827865839004517
0.5
1.1827865839004517
1.31947922706604
0.4619397521018982
0.8660253882408142
1.2552931308746338
0.3535533845424652
0.4174197018146515
1.0
0.19134171307086945
-0.09473434835672379
0.5924659371376038
0.0
-0.5924659371376038
0.09473434835672379
-0.19134171307086945
-1.0
-0.4174197018146515
-0.3535533845424652
-1.2552931308746338
-0.8660253882408142
-0.4619397521018982
-1.31947922706604
-1.1827865839004517
-0.5
-1.1827865839004517
-1.31947922706604
-0.4619397521018982
-0.8660253882408142
-1.2552931308746338
-0.3535533845424652
-0.4174197018146515
-1.0
-0.19134171307086945
0.09473434835672379
-0.5924659371376038
-0.0
0.5924659371376038
-0.09473434835672379
0.19134171307086945
1.0
0.4174197018146515
0.3535533845424652
1.2552931308746338
0.8660253882408142
0.4619397521018982
1.31947922706604
1.1827865839004517
0.5
1.1827865839004517
1.31947922706604
0.4619397521018982
0.8660253882408142
1.2552931308746338
0.3535533845424652
0.4174197018146515
1.0
0.19134171307086945
-0.09473434835672379
0.5924659371376038
-0.0
-0.5924659371376038
0.09473434835672379
-0.19134171307086945
-1.0
-0.4174197018146515
-0.3535533845424652
-1.2552931308746338
-0.8660253882408142
-0.4619397521018982
-1.31947922706604
-1.1827865839004517
-0.5
-1.1827865839004517
-1.31947922706604
-0.4619397521018982
-0.8660253882408142
-1.2552931308746338
-0.3535533845424652
-0.4174197018146515
-1.0
-0.19134171307086945
0.09473434835672379
-0.5924659371376038
0.0
0.5924659371376038
-0.09473434835672379
0.19134171307086945
1.0
0.4174197018146515
0.3535533845424652
1.2552931308746338
0.8660253882408142
0.4619397521018982
1.31947922706604
1.1827865839004517
0.5
1.1827865839004517
1.31947922706604
0.4619397521018982
0.8660253882408142
1.2552931308746338
0.3535533845424652
0.4174197018146515
1.0
0.19134171307086945
-0.09473434835672379
0.5924659371376038
0.0
-0.5924659371376038
0.09473434835672379
-0.19134171307086945
-1.0
-0.4174197018146515
-0.3535533845424652
-1.2552931308746338
-0.8660253882408142
-0.4619397521018982
-1.31947922706604
-1.1827865839004517
-0.5
-1.1827865839004517
-1.31947922706604
-0.4619397521018982
-0.8660253882408142
-1.2552931308746338
-0.3535533845424652
-0.4174197018146515
-1.0
-0.19134171307086945
0.09473434835672379
-0.5924659371376038
-0.0
0.5924659371376038
-0.09473434835672379
0.19134171307086945
1.0
0.4174197018146515
0.3535533845424652
1.2552931308746338
0.8660253882408142
0.4619397521018982
1.31947922706604
1.1827865839004517
0.5
1.1827865839004517
1.31947922706604
0.4619397521018982
0.8660253882408142
1.2552931308746338
0.3535533845424652
0.4174197018146515
1.0
0.19134171307086945
-0.09473434835672379
0.5924659371376038
0.0
-0.5924659371376038
0.09473434835672379
-0.19134171307086945
-1.0
-0.4174197018146515
-0.3535533845424652
-1.2552931308746338
-0.8660253882408142
-0.4619397521018982
-1.31947922706604
-1.1827865839004517
-0.5
-1.1827865839004517
-1.31947922706604
-0.4619397521018982
-0.8660253882408142
-1.2552931308746338
-0.3535533845424652
-0.4174197018146515
-1.0
-0.19134171307086945
0.09473434835672379
-0.5924659371376038
-0.0
0.5924659371376038
-0.09473434835672379
0.19134171307086945
1.0
0.4174197018146515
0.3535533845424652
1.2552931308746338
0.8660253882408142
0.4619397521018982
1.31947922706604
1.1827865839004517
0.5
1.1827865839004517
1.31947922706604
0.4619397521018982
0.8660253882408142
1.2552931308746338
0.3535533845424652
0.4174197018146515
1.0
0.19134171307086945
-0.09473434835672379
0.5924659371376038
0.0
-0.5924659371376038
0.09473434835672379
-0.19134171307086945
-1.0
-0.4174197018146515
-0.3535533845424652
-1.2552931308746338
