0.0
-0.0010797827721532663
-7.681385771900221E-4
-1.9829320441352993E-4
6.443133034461299E-5
0.0020854267926993433
0.0036891870868776544
0.0015855940904366747
-0.0026280801397010056
-0.0075907656577600124
-0.011939051794531239
-0.008666596692910034
0.008898120104446391
0.043053925106519106
0.0974468693835179
0.1740405531785616
0.26814165408760227
0.37477200233757346
0.4893362186922234
0.6024154629308672
0.7058740762815156
0.7968348956723318
0.8715901916502884
0.9277881078367821
0.9682182654880138
0.9934674272367026
1.0012052258591377
0.9925859376689627
0.9681538341576692
0.9257026810440828
0.8679010045634108
0.7952493015818951
0.7085021564212166
0.6100062285886272
0.5012752704867548
0.38343859903048355
0.2592435339831559
0.13098662807204248
0.0
-0.13098662807204248
-0.2592435339831558
-0.3834385990304835
-0.5012752704867546
-0.6100062285886271
-0.7085021564212165
-0.7952493015818951
-0.8679010045634108
-0.9257026810440827
-0.9681538341576692
-0.9936657204411161
-1.0019733644363278
-0.9936657204411161
-0.9681538341576692
-0.9257026810440828
-0.8679010045634108
-0.7952493015818951
-0.7085021564212166
-0.6100062285886272
-0.5012752704867548
-0.38343859903048355
-0.2592435339831559
-0.13098662807204248
0.0
0.13098662807204248
0.2592435339831558
0.3834385990304835
0.5012752704867546
0.6100062285886271
0.7085021564212165
0.7952493015818951
0.8679010045634108
0.9257026810440827
0.9681538341576692
0.9936657204411161
1.0019733644363278
0.9936657204411161
0.9681538341576692
0.9257026810440828
0.8679010045634108
0.7952493015818951
0.7085021564212166
0.6100062285886272
0.5012752704867548
0.38343859903048355
0.2592435339831559
0.13098662807204248
0.0
-0.13098662807204248
-0.2592435339831558
-0.3834385990304835
-0.5012752704867546
-0.6100062285886271
-0.7085021564212165
-0.7952493015818951
-0.8679010045634108
-0.9257026810440827
-0.9681538341576692
-0.9936657204411161
-1.0019733644363278
-0.9936657204411161
-0.9681538341576692
-0.9257026810440828
-0.8679010045634108
-0.7952493015818951
-0.7085021564212166
-0.6100062285886272
-0.5012752704867548
-0.38343859903048355
-0.2592435339831559
-0.13098662807204248
0.0
0.13098662807204248
0.2592435339831558
0.3834385990304835
0.5012752704867546
0.6100062285886271
0.7085021564212165
0.7952493015818951
0.8679010045634108
0.9257026810440827
0.9681538341576692
0.9936657204411161
1.0019733644363278
0.9936657204411161
0.9681538341576692
0.9257026810440828
0.8679010045634108
0.7952493015818951
0.7085021564212166
0.6100062285886272
0.5012752704867548
0.38343859903048355
0.2592435339831559
0.13098662807204248
0.0
-0.13098662807204248
-0.2592435339831558
-0.3834385990304835
-0.5012752704867546
-0.6100062285886271
-0.7085021564212165
-0.7952493015818951
-0.8679010045634108
-0.9257026810440827
-0.9681538341576692
-0.9936657204411161
-1.0019733644363278
-0.9936657204411161
-0.9681538341576692
-0.9257026810440828
-0.8679010045634108
-0.7952493015818951
-0.7085021564212166
-0.6100062285886272
-0.5012752704867548
-0.38343859903048355
-0.2592435339831559
-0.13098662807204248
0.0
0.13098662807204248
0.2592435339831558
0.3834385990304835
0.5012752704867546
0.6100062285886271
0.7085021564212165
0.7952493015818951
0.8679010045634108
0.9257026810440827
0.9681538341576692
0.9936657204411161
1.0019733644363278
0.9936657204411161
0.9681538341576692
0.9257026810440828
0.8679010045634108
0.7952493015818951
0.7085021564212166
0.6100062285886272
0.5012752704867548
0.38343859903048355
0.2592435339831559
0.13098662807204248
0.0
-0.13098662807204248
-0.2592435339831558
-0.3834385990304835
-0.5012752704867546
-0.6100062285886271
-0.7085021564212165
-0.7952493015818951
-0.8679010045634108
-0.9257026810440827
-0.9681538341576692
-0.9936657204411161
-1.0019733644363278
-0.9936657204411161
-0.9681538341576692
-0.9257026810440828
-0.8679010045634108
-0.7952493015818951
-0.7085021564212166
-0.6100062285886272
-0.5012752704867548
-0.38343859903048355
-0.2592435339831559
-0.13098662807204248
0.0
0.13098662807204248
0.2592435339831558
0.3834385990304835
0.5012752704867546
0.6100062285886271
0.7085021564212165
0.7952493015818951
0.8679010045634108
0.9257026810440827
0.9681538341576692
0.9936657204411161
1.0019733644363278
0.9936657204411161
0.9681538341576692
0.9257026810440828
0.8679010045634108
0.7952493015818951
0.7085021564212166
0.6100062285886272
0.5012752704867548
0.38343859903048355
0.2592435339831559
0.13098662807204248
0.0
-0.13098662807204248
-0.2592435339831558
-0.3834385990304835
-0.5012752704867546
-0.6100062285886271
-0.7085021564212165
-0.7952493015818951
-0.8679010045634108
-0.9257026810440827
-0.9681538341576692
-0.9936657204411161
-1.0019733644363278
-0.9936657204411161
-0.9681538341576692
-0.9257026810440828
-0.8679010045634108
-0.7952493015818951
-0.7085021564212166
-0.6100062285886272
-0.5012752704867548
-0.38343859903048355
-0.2592435339831559
-0.13098662807204248
0.0
0.13098662807204248
0.2592435339831558
0.3834385990304835
0.5012752704867546
0.6100062285886271
0.7085021564212165
0.7952493015818951
0.8679010045634108
0.9257026810440827
0.9681538341576692
0.9936657204411161
1.0019733644363278
0.9936657204411161
0.9681538341576692
0.9257026810440828
0.8679010045634108
0.7952493015818951
0.7085021564212166
0.6100062285886272
0.5012752704867548
0.38343859903048355
0.2592435339831559
0.13098662807204248
0.0
-0.13098662807204248
-0.2592435339831558
-0.3834385990304835
-0.5012752704867546
-0.6100062285886271
-0.7085021564212165
-0.7952493015818951
-0.8679010045634108
-0.9257026810440827
-0.9681538341576692
-0.9936657204411161
-1.0019733644363278
-0.9936657204411161
-0.9681538341576692
-0.9257026810440828
-0.8679010045634108
-0.7952493015818951
-0.7085021564212166
-0.6100062285886272
-0.5012752704867548
-0.38343859903048355
-0.2592435339831559
-0.13098662807204248
0.0
0.13098662807204248
0.2592435339831558
0.3834385990304835
0.5012752704867546
0.6100062285886271
0.7085021564212165
0.7952493015818951
0.8679010045634108
0.9257026810440827
0.9681538341576692
0.9936657204411161
1.0019733644363278
0.9936657204411161
0.9681538341576692
0.9257026810440828
0.8679010045634108
0.7952493015818951
0.706923805269102
0.6077891455781744
0.4981369615726205
0.3823900495426889
0.2651557564354664
0.14403386396707685
0.014686498077976756
-0.12633477562682044
-0.28066248732146987
-0.4360249673786597
-0.5625024532803213
-0.6276730465165801
-0.609463438103508
-0.5057709059283457
-0.3447343521603378
-0.17464453857760412
-0.03848643061594498
0.03927049023863363
0.05738394847791195
0.03820921360735481
0.01043635819839617
-0.009155131968592039
-0.014975357005001813
-0.009507730109521507
-0.0021564052607250736
0.0013221748164427803
0.002637676074640421
0.002287800549799296
0.0
